105361.765605324 0.00098 0.01725 0.00878 -0.00101 0.00161 0.00068 1.00000
105361.853037324 -0.00212 0.02322 0.04075 -0.00087 0.00352 0.00120 0.99999
105361.885824332 0.02312 0.02555 0.11753 -0.00003 0.00423 0.00094 0.99999
105362.038465292 0.01401 0.01724 0.10972 0.00122 0.00478 -0.00103 0.99999
105422.125250040 0.00135 -0.00440 0.07027 -0.00161 0.00080 0.00004 1.00000
105422.479880056 -0.01798 -0.01478 0.06878 0.00082 0.00086 0.00079 1.00000
105422.559867000 -0.00334 -0.01306 0.06038 0.00157 0.00072 -0.00304 0.99999
105422.572979960 -0.00305 -0.01568 0.07790 0.00166 0.00252 -0.00194 0.99999
105422.595939064 -0.03508 -0.00650 0.10978 0.00198 0.00313 -0.00499 0.99998
105422.644642040 -0.02383 0.00220 0.04799 0.00129 0.00336 -0.00608 0.99998
105422.668083960 0.02689 0.02218 0.03792 0.00089 0.00361 -0.01331 0.99990
105666.793229892 0.02490 0.02340 -0.02215 -0.00058 0.00102 0.00013 1.00000
105666.970885956 0.04551 0.00877 -0.08818 -0.00099 0.00177 0.00084 1.00000
105666.970886980 0.07117 0.01046 -0.19192 -0.00126 0.00189 0.00090 1.00000
105729.818178712 -0.07965 0.04175 0.13854 -0.00080 -0.00084 0.00075 1.00000
106147.771188852 0.04881 0.04000 -0.10282 0.00010 0.00013 0.00098 1.00000
106353.054833132 0.00923 0.00386 0.00472 -0.00140 0.00288 0.00101 0.99999
106353.196067116 0.01566 0.00551 -0.03041 -0.00186 0.00322 0.00190 0.99999
106353.276228076 0.01686 -0.00528 -0.03555 -0.00266 0.00306 0.00311 0.99999
106353.316308076 0.01814 -0.00783 -0.04412 -0.00301 0.00493 0.00676 0.99996
106353.356388076 0.00911 -0.01685 -0.06284 -0.00280 0.00511 0.00373 0.99998
106353.377116140 0.01699 -0.02048 -0.06438 -0.00350 0.00603 0.00289 0.99997
106353.377117164 0.01733 -0.02555 -0.07144 -0.00346 0.00579 0.00369 0.99997
106610.449484792 0.00120 0.00807 0.00545 -0.00030 0.00211 0.00031 1.00000
106610.567518776 -0.00438 0.01978 -0.07327 -0.00106 0.00458 -0.00252 0.99999
106610.614775800 0.00120 0.00560 -0.08360 -0.00116 0.00638 -0.00225 0.99998
106610.646207800 0.01878 -0.01055 -0.03421 -0.00043 0.00786 -0.00219 0.99997
106610.693329784 0.01023 -0.01739 -0.00753 -0.00027 0.00826 -0.00329 0.99996
106610.724895800 -0.01119 -0.06357 0.04990 -0.00121 0.00827 -0.00557 0.99995
129409.432910036 0.01883 0.05483 -0.03803 -0.00103 0.00038 -0.00206 1.00000
129409.598571220 0.00946 0.08860 -0.02018 -0.00030 0.00070 -0.00114 1.00000
129409.710046164 -0.03494 0.07235 0.08473 0.00009 -0.00032 -0.00164 1.00000
129409.770931156 -0.05320 0.07946 0.10707 -0.00030 -0.00040 -0.00256 1.00000
129409.821522132 -0.01573 0.10975 -0.05040 0.00035 0.00010 -0.00418 0.99999
129409.840101076 0.00971 0.13275 -0.09163 0.00063 -0.00008 -0.00384 0.99999
129409.858680020 0.00225 0.12556 -0.08325 0.00036 -0.00012 -0.00614 0.99998
129409.866196180 -0.01598 0.12478 -0.06356 -0.00045 -0.00049 -0.00599 0.99998
129409.877259988 -0.03953 0.12872 -0.08034 -0.00066 -0.00087 -0.00697 0.99998
129524.865362724 0.00685 -0.00133 0.05187 -0.00015 0.00035 -0.00009 1.00000
129525.282784676 0.01806 -0.01732 0.06484 0.00190 0.00097 -0.00792 0.99997
129525.296812708 0.01905 -0.02872 0.01395 0.00346 0.00110 -0.00872 0.99996
129525.302391716 0.01043 -0.03298 0.05281 0.00303 0.00165 -0.01007 0.99994
129525.324868644 0.00372 -0.04186 0.04463 0.00254 0.00169 -0.01218 0.99992
129525.340035748 -0.01716 -0.03844 0.04040 0.00137 0.00117 -0.00946 0.99995
129525.380981668 -0.02569 -0.02561 0.13915 0.00244 0.00042 -0.01354 0.99991
133910.174666684 -0.00151 -0.00635 -0.01279 -0.00024 0.00147 0.00192 1.00000
133910.409860732 -0.01586 -0.00726 -0.04566 -0.00034 0.00280 -0.00178 0.99999
133910.437535676 -0.00737 -0.01482 -0.05035 -0.00024 0.00521 -0.00304 0.99998
133910.458376700 -0.00133 -0.01564 -0.04989 -0.00062 0.00675 -0.00147 0.99998
133910.497231740 -0.02687 -0.02003 0.00849 0.00146 0.00777 -0.00250 0.99997
133910.519089660 -0.02539 -0.04877 0.06953 -0.00019 0.00753 0.00132 0.99997
133910.540947708 -0.02163 -0.04417 0.12485 -0.00183 0.00823 -0.00018 0.99996
133910.562805756 -0.03500 -0.06814 0.06646 -0.00112 0.01021 0.00165 0.99995
133910.573734652 -0.05218 -0.04951 0.07512 0.00072 0.01027 -0.00185 0.99995
134261.974226344 0.00659 0.00086 -0.00296 0.00027 0.00242 0.00072 1.00000
134261.978824360 0.00151 -0.01095 0.04233 -0.00016 0.00310 -0.00056 1.00000
134262.156591400 -0.01112 -0.00750 0.04219 -0.00078 0.00480 0.00130 0.99999
134599.470563916 -0.00554 0.01978 0.00813 -0.00092 0.00158 0.00262 0.99999
134599.733577868 0.00664 0.02564 -0.02826 -0.00124 0.00167 0.00791 0.99997
134599.758235916 0.00542 0.02481 -0.02394 -0.00088 0.00184 0.00715 0.99997
134599.777107916 0.01494 0.02819 -0.02718 -0.00038 0.00267 0.00680 0.99997
134599.791133900 0.00579 0.02564 -0.03216 -0.00090 0.00450 0.00530 0.99998
134599.832208908 -0.00522 0.02495 -0.02607 0.00019 0.00499 0.00656 0.99997
134599.851373900 -0.00764 0.02884 -0.04061 0.00044 0.00610 0.00754 0.99995
134599.889742924 -0.00547 0.02364 -0.03517 0.00022 0.00623 0.00813 0.99995
134599.906180876 0.00130 0.02686 -0.03838 0.00078 0.00675 0.00580 0.99996
134599.927831948 0.00627 0.02535 -0.02134 0.00041 0.00749 0.00672 0.99995
134599.947277964 0.00270 0.02801 -0.08192 0.00123 0.00841 0.00593 0.99995
157876.559757204 -0.00391 0.01383 -0.00784 0.00048 0.00070 -0.00157 1.00000
157876.681791380 -0.00138 0.00996 0.02769 0.00022 0.00123 -0.00417 0.99999
157876.895350420 -0.01303 0.01177 0.02794 0.00070 0.00054 -0.00043 1.00000
157876.956233364 -0.03357 0.01906 0.02672 0.00014 0.00062 0.00077 1.00000
157877.017384084 -0.02845 -0.01164 0.11385 0.00048 0.00045 0.00033 1.00000
157877.039927444 -0.02656 -0.01699 0.10700 0.00053 -0.00005 -0.00074 1.00000
157877.230944404 -0.01296 0.00296 0.13727 0.00095 -0.00109 -0.00254 1.00000
157877.310713492 -0.01002 0.00637 0.11393 0.00092 -0.00124 -0.00596 0.99998
157877.412251284 -0.01393 0.01567 0.08076 0.00016 -0.00076 -0.00849 0.99996
157877.437206164 -0.01140 0.01835 0.14990 -0.00018 -0.00062 -0.01224 0.99992
157877.463269524 -0.02525 0.02092 0.15395 0.00030 -0.00083 -0.01028 0.99995
157877.475012244 -0.02699 0.03422 0.23797 -0.00006 -0.00143 -0.01056 0.99994
157877.536029332 -0.01997 0.04415 0.22313 -0.00137 -0.00167 -0.01200 0.99993
157877.566537364 -0.02105 0.04377 0.15867 -0.00147 -0.00050 -0.01142 0.99993
159771.672973576 0.01724 -0.02321 0.15244 0.00014 0.00035 0.00197 1.00000
159771.873375624 0.06857 -0.06409 0.27450 -0.00010 0.00027 -0.00045 1.00000
159771.926253576 0.07673 -0.05655 0.20409 -0.00101 0.00121 0.00170 1.00000
159771.953535624 0.07567 -0.09345 0.23611 -0.00216 0.00138 -0.00097 1.00000
159771.973575560 0.05937 -0.07813 0.12839 -0.00347 0.00194 0.00037 0.99999
159772.033696648 0.07778 -0.12240 0.10333 -0.00305 0.00189 -0.00027 0.99999
159772.104125576 0.06437 -0.13656 0.15190 -0.00248 0.00174 -0.00044 1.00000
159772.153936648 0.07459 -0.05253 0.27306 -0.00326 0.00208 -0.00469 0.99998
159772.212772616 0.05684 -0.01728 0.25469 -0.00370 0.00160 -0.00741 0.99996
159772.212774664 0.04298 -0.03876 0.25047 -0.00471 0.00170 -0.01090 0.99993
160200.111924632 0.00184 -0.00749 0.01417 -0.00027 0.00138 -0.00074 1.00000
160200.207628568 0.04726 -0.00021 0.03537 -0.00173 0.00302 -0.00269 0.99999
160200.227668632 0.04286 0.00863 0.06642 -0.00124 0.00428 -0.00590 0.99997
160200.247708568 0.05951 0.02061 0.14547 -0.00143 0.00501 -0.00616 0.99997
160200.268326552 0.06567 -0.00185 0.27017 0.00001 0.00504 -0.00528 0.99997
160200.308314648 0.06133 -0.01383 0.33379 0.00012 0.00488 -0.00121 0.99999
160200.337888664 0.05852 -0.03796 0.38324 -0.00072 0.00592 -0.00255 0.99998
160200.351888536 0.06096 -0.04257 0.44428 -0.00084 0.00649 -0.00237 0.99998
160200.367948568 0.07743 -0.04109 0.51622 -0.00047 0.00672 -0.00257 0.99997
160200.387988632 0.05441 -0.04564 0.63347 -0.00054 0.00658 -0.00510 0.99997
160200.535622552 0.05467 -0.04928 0.64027 -0.00021 0.00786 -0.00251 0.99997
160200.548308632 0.05337 -0.05400 0.79988 -0.00211 0.00866 -0.00016 0.99996
160624.232220140 0.00701 -0.00222 0.01322 -0.00026 0.00070 -0.00274 1.00000
160624.350889068 0.02494 0.01752 -0.01569 -0.00065 0.00247 -0.00397 0.99999
160624.394174060 0.02399 0.00084 0.03485 -0.00035 0.00382 0.00013 0.99999
160624.429147116 0.03677 -0.00898 0.08145 -0.00163 0.00545 -0.00048 0.99998
160624.464119148 0.04513 -0.01247 0.08715 -0.00185 0.00644 -0.00044 0.99998
160624.481605100 0.04725 -0.00278 0.12200 -0.00333 0.00792 0.00146 0.99996
160624.516542060 0.05023 -0.00558 0.15862 -0.00326 0.00906 0.00267 0.99995
160624.561477100 0.06078 0.00448 0.18095 -0.00431 0.01038 -0.00292 0.99993
160624.561478124 0.05441 0.02893 0.17559 -0.00528 0.01077 -0.00409 0.99992
160624.638982124 0.08501 0.05537 0.13499 -0.00474 0.01233 -0.00527 0.99990
160624.656468076 0.11459 0.05485 0.12531 -0.00455 0.01278 -0.00263 0.99990
160624.691440108 0.08834 0.00132 0.09225 -0.00435 0.01372 -0.00568 0.99988
160624.726413036 0.09130 -0.00941 0.07282 -0.00584 0.01428 -0.00599 0.99986
160624.743899116 0.05912 -0.01594 0.07038 -0.00621 0.01468 -0.00543 0.99986
160624.778114156 0.00285 -0.06689 0.34228 -0.00818 0.01430 -0.01390 0.99977
160624.813844076 0.01615 -0.10394 0.40255 -0.00660 0.01419 -0.02199 0.99964
160624.848817132 0.01915 -0.12290 0.56938 -0.00714 0.01513 -0.02338 0.99959
161054.317857952 0.00389 0.01127 0.12156 0.00038 -0.00055 -0.00267 1.00000
161054.454924960 0.07133 0.04591 0.20618 0.00055 0.00048 -0.00140 1.00000
161054.474491936 0.09445 0.05665 0.11497 0.00116 0.00182 -0.00291 0.99999
161054.506026016 0.11503 0.04295 0.12839 0.00229 0.00211 -0.00360 0.99999
161054.524119968 0.09028 0.06651 0.15016 0.00218 0.00273 -0.00179 0.99999
161054.556832928 0.05169 0.12388 0.18366 0.00161 0.00230 -0.00143 1.00000
161054.591908000 0.10692 0.13798 0.24384 0.00230 0.00268 -0.00444 0.99998
161054.625264032 0.10785 0.15226 0.25608 0.00240 0.00267 -0.00498 0.99998
161054.642298016 0.09015 0.16327 0.25479 0.00154 0.00284 -0.00560 0.99998
161054.659334048 0.13283 0.17372 0.30913 0.00207 0.00339 -0.00779 0.99996
161054.682498976 0.13287 0.19533 0.29278 0.00187 0.00320 -0.00925 0.99995
161054.710433952 0.13597 0.20137 0.34643 0.00149 0.00325 -0.00712 0.99997
161054.727467936 0.13439 0.18254 0.35169 0.00077 0.00419 -0.00764 0.99996
161054.746474912 0.16094 0.20494 0.28489 0.00071 0.00465 -0.00593 0.99997
161054.786815904 0.18322 0.24846 0.27556 0.00060 0.00395 -0.00814 0.99996
161054.812638112 0.23739 0.22087 0.32295 -0.00025 0.00419 -0.01015 0.99994
161054.836629920 0.22727 0.20813 0.43895 -0.00025 0.00359 -0.00999 0.99994
161054.855804064 0.21374 0.23846 0.48023 -0.00098 0.00370 -0.01089 0.99993
161181.837999232 0.00259 0.00937 -0.03095 -0.00036 0.00274 -0.00162 0.99999
161181.931628224 0.00533 0.01024 -0.02417 -0.00029 0.00443 -0.00233 0.99999
161181.960306240 0.00857 -0.01393 0.03396 -0.00093 0.00545 -0.00044 0.99998
161182.006337216 0.01610 -0.01749 0.09157 -0.00228 0.00615 0.00023 0.99998
161182.018361152 0.00436 -0.00049 0.10205 -0.00343 0.00722 -0.00236 0.99997
161182.042410176 0.00986 0.00455 0.11813 -0.00186 0.00736 -0.00439 0.99996
161182.054434240 0.02494 0.00932 0.18570 -0.00180 0.00762 -0.00520 0.99996
161182.070813248 0.02353 0.01678 0.22411 -0.00120 0.00715 -0.00469 0.99996
161182.090506176 0.02272 0.02593 0.28919 -0.00095 0.00821 -0.00445 0.99996
161182.102530240 0.02489 0.01356 0.33990 -0.00017 0.00863 -0.00417 0.99995
161182.126578240 0.01384 0.01573 0.38255 -0.00166 0.00883 -0.00547 0.99994
161182.146170176 0.01418 0.01691 0.41184 -0.00326 0.00870 -0.00461 0.99995
161182.162651200 0.01456 -0.00448 0.44474 -0.00331 0.00943 -0.00432 0.99994
161551.397342600 -0.00467 0.01837 -0.05975 -0.00004 0.00346 -0.00275 0.99999
161551.505558536 -0.00924 0.01519 -0.03297 0.00067 0.00439 -0.00222 0.99999
161551.559666568 -0.01877 0.01734 -0.07908 -0.00077 0.00605 0.00448 0.99997
161551.595738632 -0.02232 0.01874 -0.04391 -0.00164 0.00734 0.00817 0.99994
161551.613774600 -0.03151 -0.00655 0.00003 -0.00217 0.00920 0.00509 0.99994
161551.667882632 -0.03605 -0.01362 0.01935 -0.00124 0.00990 0.00256 0.99995
161551.696798600 -0.04916 -0.00831 0.02366 -0.00314 0.01054 0.00035 0.99994
161551.758062600 -0.07794 0.01978 -0.06414 -0.00287 0.01150 0.00051 0.99993
161551.794134536 -0.11900 0.03050 -0.14875 -0.00204 0.01251 -0.00393 0.99991
161551.830206600 -0.11946 0.01214 -0.10979 -0.00213 0.01270 -0.00170 0.99992
161551.848242568 -0.11763 0.02144 -0.02410 -0.00012 0.01332 -0.00513 0.99990
161551.884314632 -0.12638 0.01451 0.18496 0.00069 0.01360 -0.00985 0.99986
161551.920386568 -0.11598 0.01745 0.21881 0.00051 0.01446 -0.01104 0.99983
161551.956458632 -0.14375 0.03432 0.21875 0.00092 0.01611 -0.01116 0.99981
161552.004230664 -0.15958 0.04644 0.19693 0.00178 0.01713 -0.00673 0.99983
161552.036745608 -0.21078 0.03588 0.11956 0.00306 0.01665 -0.00479 0.99985
171613.189352332 -0.00542 0.00080 -0.00197 -0.00017 0.00014 -0.00324 0.99999
171613.247323340 -0.00487 -0.00938 0.02116 -0.00080 0.00054 -0.00498 0.99999
171613.284216332 -0.00166 -0.00169 0.01152 -0.00100 0.00169 -0.00738 0.99997
171613.297271308 0.00323 0.00523 0.00065 -0.00032 0.00282 -0.00510 0.99998
171613.310326284 -0.00823 0.00816 -0.03134 -0.00108 0.00443 -0.00778 0.99996
171613.328536332 -0.02065 -0.00088 -0.02648 -0.00067 0.00573 -0.00619 0.99996
171613.440873356 -0.01626 0.00252 -0.02304 -0.00024 0.00615 -0.00736 0.99995
171613.453928332 -0.02148 0.00719 0.02513 0.00012 0.00690 -0.00741 0.99995
171613.472083340 -0.02567 0.00234 0.06309 0.00086 0.00769 -0.00901 0.99993
171613.493092364 -0.03512 0.01455 0.10296 0.00258 0.00761 -0.00557 0.99995
171613.506641292 -0.04548 0.00233 0.13146 0.00331 0.00788 -0.00584 0.99995
171613.530818316 -0.04429 -0.00040 0.13183 0.00367 0.00866 -0.00466 0.99994
171613.558366348 -0.05139 -0.01062 0.18313 0.00394 0.01004 -0.00427 0.99993
171613.573737356 -0.05390 -0.01410 0.20390 0.00323 0.01100 -0.00481 0.99992
171613.597530252 -0.03659 -0.02376 0.25368 0.00253 0.01147 -0.00520 0.99992
171613.623640332 -0.04271 -0.03460 0.23157 0.00218 0.01136 -0.00020 0.99993
171613.645640332 -0.04508 -0.04056 0.26119 0.00324 0.01160 -0.00159 0.99993
171613.662804364 -0.04756 -0.03994 0.29421 0.00213 0.01256 0.00112 0.99992
171613.676725260 -0.05690 -0.04136 0.29408 0.00215 0.01363 -0.00024 0.99990
171613.715023372 -0.05404 -0.03603 0.31216 0.00235 0.01357 -0.00143 0.99990
171613.728078348 -0.06077 -0.03166 0.37279 0.00227 0.01483 -0.00242 0.99988
171712.695236800 -0.00158 0.00181 -0.00673 -0.00037 0.00158 0.00287 0.99999
171712.755356800 0.01490 0.00561 -0.00926 0.00030 0.00381 0.00112 0.99999
171712.779396800 0.02956 0.00420 0.02968 -0.00023 0.00500 0.00082 0.99999
171712.812137792 0.03895 -0.00043 0.02016 -0.00023 0.00532 0.00169 0.99998
171712.845536832 0.03806 0.00229 -0.00035 -0.00094 0.00535 0.00109 0.99998
171712.861080768 0.02786 -0.00198 0.01977 -0.00057 0.00554 0.00126 0.99998
171712.895636800 0.01857 -0.00172 0.03503 -0.00192 0.00631 0.00106 0.99998
171712.915676736 0.01218 -0.00020 0.05740 -0.00279 0.00636 0.00108 0.99998
171712.935716800 0.00377 -0.01411 0.07770 -0.00177 0.00755 0.00098 0.99997
171712.949432768 0.00387 -0.02891 0.07664 -0.00271 0.00771 0.00047 0.99997
171712.965776832 0.00694 -0.03903 0.08206 -0.00328 0.00749 0.00037 0.99997
171712.985816768 0.01740 -0.04645 0.07975 -0.00329 0.00842 0.00267 0.99996
171712.995836736 0.01084 -0.04397 0.10641 -0.00332 0.00765 0.00481 0.99995
171713.015111744 0.00269 -0.05353 0.10726 -0.00343 0.00881 0.00527 0.99994
171946.095579792 0.00742 -0.00408 0.01429 0.00044 0.00158 0.00024 1.00000
171946.181465808 0.01509 0.00857 0.04427 0.00032 0.00318 0.00035 0.99999
171946.201824784 0.01566 0.00369 0.06073 0.00010 0.00400 0.00074 0.99999
171946.212846800 0.03450 -0.00512 0.05568 -0.00048 0.00480 0.00361 0.99998
171946.245912784 0.03240 -0.00304 0.07960 -0.00069 0.00515 0.00332 0.99998
171946.256934800 0.03213 -0.02077 0.10587 -0.00119 0.00513 0.00283 0.99998
171946.275026768 0.04917 -0.02996 0.10796 -0.00079 0.00503 0.00041 0.99999
171946.290000784 0.05623 -0.03434 0.12314 -0.00095 0.00541 -0.00195 0.99998
171946.312044816 0.05980 -0.04072 0.14879 -0.00114 0.00590 -0.00079 0.99998
171946.323066832 0.07194 -0.05712 0.15506 -0.00077 0.00554 0.00022 0.99998
171946.345110800 0.08967 -0.05538 0.18464 -0.00072 0.00604 -0.00101 0.99998
171946.356132816 0.10682 -0.04468 0.23829 -0.00032 0.00629 -0.00204 0.99998
171946.377678800 0.12223 -0.04777 0.25837 -0.00021 0.00659 -0.00141 0.99998
171946.409740816 0.13145 -0.04339 0.27949 0.00004 0.00746 -0.00144 0.99997
171946.433286800 0.11802 -0.03122 0.28743 -0.00018 0.00689 0.00111 0.99998
172119.148207768 -0.00073 0.00021 0.00557 -0.00066 0.00207 0.00139 1.00000
172119.200843800 -0.01287 -0.00279 -0.00757 -0.00102 0.00322 0.00009 0.99999
172119.208327832 -0.01760 -0.01314 -0.03055 -0.00062 0.00446 -0.00090 0.99999
172119.216984792 -0.00803 -0.02893 -0.00857 -0.00087 0.00486 -0.00181 0.99999
172119.248407832 -0.01338 -0.04396 0.03253 -0.00045 0.00468 -0.00202 0.99999
172119.272102808 -0.00681 -0.03036 0.01453 -0.00103 0.00585 -0.00035 0.99998
172119.289663768 -0.01735 -0.03578 -0.00872 -0.00015 0.00605 -0.00304 0.99998
172119.318547800 -0.02561 -0.03216 -0.08502 -0.00055 0.00748 -0.00577 0.99996
172119.330137816 -0.03008 -0.04434 -0.11348 0.00032 0.00763 -0.00293 0.99997
172119.358627800 -0.03506 -0.03814 -0.12081 0.00130 0.00853 -0.00362 0.99996
172119.375623832 -0.04424 -0.03483 -0.09533 0.00133 0.00882 -0.00139 0.99996
172119.384531864 -0.07017 -0.04941 -0.06552 0.00157 0.00952 -0.00299 0.99995
172119.415988760 -0.08171 -0.05632 -0.05214 0.00183 0.01003 -0.00269 0.99994
172119.478867864 -0.06032 -0.06828 0.01927 0.00187 0.01061 0.00041 0.99994
172119.498907800 -0.07072 -0.07905 0.03352 0.00115 0.00987 -0.00133 0.99995
172262.142294300 0.01783 -0.00229 -0.01002 -0.00026 0.00231 0.00248 0.99999
172262.212434268 0.03382 -0.00637 -0.05285 -0.00045 0.00271 0.00174 0.99999
172262.232474332 0.04146 -0.00691 -0.03807 -0.00043 0.00369 0.00076 0.99999
172262.252514268 0.05998 -0.00752 -0.05718 -0.00051 0.00387 0.00004 0.99999
172262.282574300 0.07247 -0.01296 -0.05870 -0.00056 0.00403 -0.00336 0.99999
172262.302614300 0.08555 -0.00552 -0.02860 -0.00129 0.00500 -0.00348 0.99998
172262.322654300 0.09567 -0.01456 0.00709 -0.00239 0.00459 -0.00112 0.99999
172262.352500316 0.10407 -0.01880 0.05063 -0.00274 0.00520 -0.00346 0.99998
172262.392794332 0.12493 -0.01555 0.10105 -0.00250 0.00595 -0.00321 0.99997
172262.401826268 0.13714 -0.02267 0.11719 -0.00231 0.00544 -0.00288 0.99998
172262.432739292 0.14173 -0.02191 0.12961 -0.00228 0.00632 -0.00104 0.99998
172262.452914268 0.15144 -0.05195 0.18486 -0.00222 0.00654 -0.00311 0.99997
172262.469161308 0.17577 -0.05058 0.23366 -0.00241 0.00687 -0.00447 0.99996
172262.482974300 0.18950 -0.04364 0.28548 -0.00256 0.00689 -0.00387 0.99997
172262.500876252 0.19323 -0.05068 0.30081 -0.00217 0.00753 -0.00283 0.99997
172262.543094236 0.19641 -0.06670 0.27082 -0.00233 0.00826 -0.00552 0.99995
172262.559768284 0.19236 -0.08323 0.24428 -0.00256 0.00859 -0.00506 0.99995
172262.573154268 0.17356 -0.09776 0.23554 -0.00331 0.00838 -0.00437 0.99995
172262.593194332 0.16992 -0.09409 0.19855 -0.00289 0.00940 -0.00405 0.99994
172262.610978268 0.18498 -0.09407 0.23996 -0.00335 0.01030 -0.00172 0.99994
