1033370.966128100 0.01117 -0.00656 0.07587 0.00008 0.00063 0.00028 1.00000
1033370.976533092 0.00506 -0.00802 0.14714 -0.00035 0.00047 0.00044 1.00000
1033370.981123108 0.00110 -0.00965 0.18082 -0.00030 0.00069 -0.00005 1.00000
1033370.985713092 0.00370 -0.00713 0.18385 -0.00029 0.00057 -0.00035 1.00000
1033370.991924100 0.00077 -0.00396 0.22561 -0.00014 0.00087 -0.00030 1.00000
1033370.999484100 -0.00002 -0.00252 0.24815 -0.00004 0.00112 -0.00047 1.00000
1033371.006120100 -0.00294 -0.00329 0.26830 -0.00004 0.00123 -0.00094 1.00000
1033371.013254100 -0.00518 -0.00558 0.29305 -0.00000 0.00153 -0.00077 1.00000
1033371.022435108 -0.00474 -0.00518 0.32551 -0.00006 0.00141 -0.00071 1.00000
1033371.027025092 -0.00406 -0.00367 0.33032 -0.00016 0.00150 -0.00037 1.00000
1033371.036000100 -0.00255 -0.00691 0.37489 -0.00014 0.00163 -0.00111 1.00000
1033371.043938100 -0.00240 -0.00663 0.41616 -0.00010 0.00153 -0.00141 1.00000
1033371.045386100 -0.00845 -0.00105 0.41542 0.00059 0.00121 -0.00071 1.00000
1033371.053130100 -0.00487 0.00070 0.44168 0.00089 0.00110 -0.00062 1.00000
1033371.063746116 -0.00082 -0.00068 0.47983 0.00085 0.00133 -0.00164 1.00000
1033371.072927108 0.00011 0.00260 0.51130 0.00075 0.00125 -0.00105 1.00000
1033371.074379108 0.00515 0.00901 0.50090 0.00077 0.00080 -0.00069 1.00000
1033371.085013092 0.00526 0.01397 0.52581 0.00101 0.00058 -0.00102 1.00000
1033371.091478084 0.00876 0.01897 0.55633 0.00096 0.00064 0.00002 1.00000
1033371.100468100 0.00605 0.01716 0.58145 0.00063 0.00086 -0.00069 1.00000
1033371.105058116 0.00672 0.00390 0.60532 0.00091 0.00138 -0.00173 1.00000
1033371.109648100 0.00259 0.00159 0.64015 0.00072 0.00135 -0.00224 1.00000
1033371.114238084 0.00391 -0.00079 0.65501 0.00070 0.00139 -0.00205 1.00000
1033371.118829092 0.00658 0.00115 0.67107 0.00082 0.00130 -0.00216 1.00000
1033371.129646084 0.00811 0.00824 0.69523 0.00046 0.00148 -0.00140 1.00000
1033371.132599108 0.01340 0.01210 0.70601 0.00104 0.00121 -0.00113 1.00000
1033371.141780100 0.01641 0.01044 0.74533 0.00053 0.00092 -0.00087 1.00000
1033371.146370116 0.01159 0.00851 0.76952 0.00049 0.00118 -0.00163 1.00000
1033371.154266116 0.00710 0.00444 0.80020 0.00097 0.00146 -0.00224 1.00000
1033371.160140100 0.01159 0.00536 0.81754 0.00069 0.00135 -0.00232 1.00000
1033371.168573092 0.01002 0.00332 0.85594 0.00059 0.00149 -0.00217 1.00000
1033371.173911108 0.00424 0.00675 0.88129 0.00056 0.00188 -0.00227 1.00000
1033371.178501092 0.00564 0.01031 0.90091 0.00033 0.00203 -0.00152 1.00000
1033371.183091108 0.00941 0.01049 0.91144 0.00046 0.00195 -0.00161 1.00000
1033371.196862084 0.00765 0.01140 0.93855 0.00053 0.00218 -0.00169 1.00000
1033371.197685092 0.01097 0.01442 0.94572 0.00068 0.00193 -0.00154 1.00000
1033371.210632100 0.01194 0.01328 0.99264 0.00052 0.00227 -0.00154 1.00000
1033371.215223108 0.01039 0.00787 1.03248 0.00086 0.00203 -0.00288 0.99999
1033371.219813092 0.00272 0.00863 1.05403 0.00083 0.00224 -0.00287 0.99999
1033371.224403108 0.00264 0.00490 1.07076 0.00061 0.00254 -0.00252 0.99999
1033371.228993092 -0.00016 0.00804 1.10218 0.00089 0.00249 -0.00315 0.99999
1033371.229934084 -0.00095 0.01700 1.08135 0.00054 0.00251 -0.00196 0.99999
1033371.238174084 0.00593 0.01781 1.10300 0.00089 0.00253 -0.00161 1.00000
1033371.247354116 0.00455 0.01795 1.12304 0.00070 0.00290 -0.00207 0.99999
1033371.251944100 0.00627 0.01843 1.15914 0.00073 0.00272 -0.00154 0.99999
1033371.261124100 0.00931 0.01424 1.19140 0.00096 0.00303 -0.00203 0.99999
1033371.270305092 0.00180 0.00651 1.21219 0.00091 0.00315 -0.00303 0.99999
1033371.279186116 0.00195 0.00901 1.25084 0.00119 0.00323 -0.00294 0.99999
1033371.279485092 0.00128 0.00964 1.26844 0.00105 0.00328 -0.00219 0.99999
1033371.282202116 0.00008 0.00462 1.28367 0.00103 0.00323 -0.00339 0.99999
1033371.288666116 -0.00086 0.00943 1.30872 0.00090 0.00316 -0.00310 0.99999
1033371.293256100 0.00751 0.01047 1.31627 0.00087 0.00324 -0.00247 0.99999
1033371.301130116 0.01280 0.00950 1.33350 0.00054 0.00309 -0.00201 0.99999
1033371.307937092 0.01357 0.01321 1.36124 0.00077 0.00323 -0.00193 0.99999
1033371.311617092 0.01157 0.01207 1.37974 0.00084 0.00352 -0.00197 0.99999
1033371.322243108 0.00870 0.00381 1.41296 0.00106 0.00344 -0.00294 0.99999
1033371.329977092 0.01008 0.00222 1.44720 0.00107 0.00354 -0.00294 0.99999
1033371.334567108 0.00574 0.00070 1.48098 0.00071 0.00340 -0.00308 0.99999
1033371.339688132 0.00519 -0.00017 1.49413 0.00083 0.00348 -0.00291 0.99999
1033371.343748100 0.00769 0.00661 1.50030 0.00117 0.00368 -0.00320 0.99999
1033371.348338116 0.00987 0.00343 1.52651 0.00117 0.00384 -0.00331 0.99999
1033371.357518084 0.01614 0.01342 1.52908 0.00116 0.00389 -0.00281 0.99999
1033371.362109124 0.01818 0.01062 1.57159 0.00102 0.00358 -0.00220 0.99999
1033371.366699076 0.02027 0.01231 1.58241 0.00103 0.00381 -0.00255 0.99999
1033371.375879108 0.02538 0.01038 1.61121 0.00099 0.00364 -0.00220 0.99999
1033371.385060100 0.01646 0.00670 1.62289 0.00144 0.00431 -0.00297 0.99999
1033371.389650116 0.01443 0.00177 1.65876 0.00120 0.00443 -0.00358 0.99998
1033371.398829124 0.01238 0.00215 1.70131 0.00126 0.00457 -0.00417 0.99998
1033371.403420100 0.01086 0.00752 1.72209 0.00141 0.00450 -0.00423 0.99998
1033371.412601092 0.01611 0.00661 1.75433 0.00168 0.00475 -0.00386 0.99998
1033371.421781124 0.02429 0.00958 1.78288 0.00136 0.00505 -0.00275 0.99998
1033371.426371076 0.02320 0.01019 1.80366 0.00123 0.00482 -0.00238 0.99998
1033371.435552068 0.02548 0.00586 1.84327 0.00126 0.00515 -0.00314 0.99998
1033371.435585092 0.02364 0.00741 1.86051 0.00130 0.00508 -0.00321 0.99998
1033371.444732100 0.02678 0.00838 1.89868 0.00122 0.00494 -0.00263 0.99998
1033371.453912132 0.02196 -0.00026 1.90120 0.00155 0.00507 -0.00347 0.99998
1033371.463093124 0.02146 -0.00191 1.94360 0.00149 0.00533 -0.00413 0.99998
1033371.467683076 0.02014 0.00009 1.97411 0.00165 0.00538 -0.00439 0.99997
1033371.476863108 0.01843 0.00170 2.00716 0.00172 0.00581 -0.00456 0.99997
1033371.481453124 0.02531 0.00325 2.04751 0.00124 0.00578 -0.00353 0.99998
1033371.490634116 0.01995 0.00394 2.09184 0.00102 0.00588 -0.00307 0.99998
1033371.494464068 0.02140 0.00570 2.11734 0.00109 0.00597 -0.00353 0.99998
1033371.499814084 0.02516 0.00393 2.13629 0.00133 0.00577 -0.00345 0.99998
1033371.508953092 0.02664 0.00392 2.16922 0.00106 0.00588 -0.00336 0.99998
1033371.513585092 0.01788 -0.00078 2.17094 0.00150 0.00570 -0.00431 0.99997
1033371.518175108 0.01438 -0.00287 2.19509 0.00140 0.00604 -0.00475 0.99997
1033371.527355076 0.01850 -0.00180 2.21848 0.00158 0.00648 -0.00493 0.99997
1033371.531946116 0.01916 -0.00396 2.24552 0.00152 0.00640 -0.00516 0.99997
1033371.536536132 0.02002 -0.00649 2.26710 0.00136 0.00615 -0.00492 0.99997
1033371.541126084 0.02716 -0.00232 2.29326 0.00098 0.00633 -0.00474 0.99997
1033371.550306116 0.02839 -0.00349 2.32882 0.00104 0.00610 -0.00398 0.99997
1033371.554896068 0.03772 0.00024 2.35421 0.00121 0.00590 -0.00382 0.99997
1033371.560631108 0.03890 0.00136 2.37966 0.00116 0.00582 -0.00376 0.99998
1033371.570479108 0.03995 -0.00662 2.41212 0.00105 0.00632 -0.00380 0.99997
1033371.577847108 0.02779 -0.01257 2.41182 0.00121 0.00653 -0.00601 0.99996
1033371.585642116 0.02741 -0.01492 2.45927 0.00138 0.00668 -0.00560 0.99996
1033371.587028100 0.02202 -0.01380 2.46781 0.00142 0.00708 -0.00599 0.99996
1033371.596208068 0.02440 -0.01210 2.50689 0.00158 0.00728 -0.00565 0.99996
1033371.603092100 0.02681 -0.00964 2.53971 0.00168 0.00699 -0.00613 0.99996
1033371.612449092 0.03705 -0.00618 2.58638 0.00120 0.00745 -0.00528 0.99996
1033371.619159108 0.04038 -0.00832 2.63062 0.00086 0.00729 -0.00455 0.99996
1033371.623749124 0.03913 -0.00841 2.65793 0.00076 0.00740 -0.00447 0.99996
1033371.631132100 0.03992 -0.00474 2.69255 0.00118 0.00714 -0.00476 0.99996
1033371.637520068 0.03917 -0.00077 2.71889 0.00118 0.00729 -0.00443 0.99996
1033371.646700100 0.04033 -0.00086 2.75725 0.00134 0.00744 -0.00338 0.99997
1033371.651290116 0.03110 -0.00738 2.75943 0.00187 0.00756 -0.00584 0.99995
1033371.655881092 0.02836 -0.00485 2.78142 0.00187 0.00773 -0.00659 0.99995
1033371.665061124 0.03132 -0.00558 2.80893 0.00203 0.00818 -0.00630 0.99994
1033371.669651076 0.02790 -0.00776 2.83448 0.00202 0.00831 -0.00622 0.99994
1033371.674241092 0.03929 -0.00060 2.85205 0.00148 0.00811 -0.00501 0.99995
1033371.683422084 0.03869 -0.00027 2.89866 0.00174 0.00822 -0.00519 0.99995
1033371.688012100 0.04556 -0.00122 2.93299 0.00177 0.00792 -0.00462 0.99996
1033371.692602116 0.04340 0.00502 2.93899 0.00188 0.00812 -0.00463 0.99995
1033371.701782084 0.03956 -0.00463 2.96152 0.00231 0.00844 -0.00607 0.99994
1033371.706373124 0.04021 -0.00459 2.98755 0.00218 0.00847 -0.00624 0.99994
1033371.715553092 0.03992 -0.00779 3.02316 0.00198 0.00857 -0.00665 0.99994
1033371.722155076 0.03769 -0.01059 3.06380 0.00204 0.00893 -0.00702 0.99993
1033371.729324100 0.04711 -0.00685 3.09471 0.00162 0.00881 -0.00506 0.99995
1033371.733914116 0.05157 -0.00348 3.11648 0.00168 0.00857 -0.00446 0.99995
1033371.739952068 0.05570 -0.00206 3.14615 0.00192 0.00854 -0.00445 0.99995
1033371.747007108 0.05422 -0.00186 3.18659 0.00202 0.00874 -0.00452 0.99995
1033371.752275076 0.04783 -0.00396 3.17159 0.00236 0.00868 -0.00624 0.99994
1033371.759758084 0.04664 -0.00112 3.20371 0.00236 0.00900 -0.00587 0.99994
1033371.766045124 0.04845 -0.00504 3.23279 0.00268 0.00906 -0.00614 0.99994
1033371.770635076 0.04583 -0.00178 3.26105 0.00247 0.00915 -0.00633 0.99994
1033371.779816132 0.06021 -0.00148 3.31571 0.00219 0.00941 -0.00487 0.99994
1033371.784406084 0.06025 -0.00171 3.36037 0.00203 0.00912 -0.00522 0.99994
1033371.788996100 0.05956 0.00159 3.39057 0.00218 0.00890 -0.00472 0.99995
1033371.794348100 0.06395 0.00043 3.41821 0.00225 0.00867 -0.00432 0.99995
1033371.802767108 0.06579 -0.00168 3.45063 0.00242 0.00908 -0.00489 0.99994
1033371.811947076 0.05596 -0.00282 3.43744 0.00270 0.00948 -0.00623 0.99993
1033371.816537092 0.04964 -0.00338 3.46821 0.00272 0.00998 -0.00611 0.99993
1033371.821127108 0.05079 -0.00579 3.49065 0.00275 0.00998 -0.00614 0.99993
1033371.830308100 0.05688 -0.00796 3.52259 0.00253 0.01033 -0.00593 0.99993
1033371.834898116 0.05473 -0.00828 3.55605 0.00272 0.01054 -0.00640 0.99992
1033371.839488068 0.06179 -0.00681 3.59665 0.00271 0.01034 -0.00557 0.99993
1033371.848669124 0.06841 -0.00570 3.64390 0.00275 0.01016 -0.00508 0.99993
1033371.851739076 0.07094 -0.00496 3.67058 0.00292 0.00972 -0.00503 0.99994
1033371.855485124 0.07023 -0.00190 3.69213 0.00285 0.00984 -0.00500 0.99993
1033371.865609092 0.07733 -0.00349 3.73256 0.00297 0.00990 -0.00541 0.99993
1033371.871620036 0.06481 -0.00621 3.71779 0.00283 0.01031 -0.00578 0.99993
1033371.876210116 0.06609 -0.01081 3.73111 0.00276 0.01064 -0.00536 0.99993
1033371.885391044 0.07511 -0.01030 3.76811 0.00315 0.01091 -0.00589 0.99992
1033371.888835140 0.07054 -0.00784 3.80938 0.00319 0.01064 -0.00549 0.99992
1033371.893732036 0.07297 -0.00560 3.82319 0.00314 0.01076 -0.00558 0.99992
1033371.899161156 0.08017 -0.01050 3.87913 0.00266 0.01043 -0.00514 0.99993
1033371.903752132 0.07962 -0.00840 3.91097 0.00304 0.01033 -0.00478 0.99993
1033371.908342084 0.07918 -0.00966 3.93397 0.00299 0.01045 -0.00530 0.99993
1033371.917522116 0.08595 -0.01387 3.97481 0.00308 0.01050 -0.00513 0.99993
1033371.922113092 0.07962 -0.00542 3.95975 0.00316 0.01109 -0.00563 0.99992
1033371.926703044 0.08306 -0.00826 3.97111 0.00334 0.01099 -0.00535 0.99992
1033371.934725060 0.08533 -0.01011 4.01097 0.00321 0.01128 -0.00543 0.99992
1033371.935883076 0.08492 -0.01008 4.02713 0.00302 0.01101 -0.00631 0.99991
1033371.949654084 0.09204 -0.01467 4.09092 0.00297 0.01087 -0.00457 0.99993
1033371.954244036 0.09523 -0.01457 4.13835 0.00302 0.01064 -0.00476 0.99993
1033371.963425092 0.10230 -0.01398 4.18731 0.00316 0.01058 -0.00425 0.99993
1033371.968980164 0.10357 -0.01240 4.22562 0.00305 0.01051 -0.00420 0.99993
1033371.979356100 0.11016 -0.01586 4.26861 0.00321 0.01080 -0.00364 0.99993
1033371.981786052 0.09968 -0.01218 4.24034 0.00342 0.01144 -0.00475 0.99992
1033371.987708100 0.10548 -0.00978 4.25743 0.00390 0.01150 -0.00420 0.99992
1033371.995557060 0.10863 -0.01214 4.29553 0.00374 0.01194 -0.00427 0.99991
1033372.004737092 0.10983 -0.01339 4.35249 0.00378 0.01209 -0.00439 0.99991
1033372.009327044 0.11039 -0.01107 4.39929 0.00391 0.01157 -0.00436 0.99992
1033372.013918148 0.10911 -0.00747 4.42765 0.00361 0.01165 -0.00418 0.99992
1033372.023098052 0.11423 -0.00876 4.47932 0.00382 0.01177 -0.00371 0.99992
1033372.027688132 0.11646 -0.00449 4.51916 0.00389 0.01158 -0.00296 0.99992
1033372.034566084 0.11763 -0.00782 4.55476 0.00377 0.01177 -0.00328 0.99992
1033372.046049092 0.11505 -0.01352 4.53733 0.00392 0.01247 -0.00464 0.99990
1033372.050640068 0.11998 -0.01512 4.56443 0.00401 0.01260 -0.00441 0.99990
1033372.056730052 0.12182 -0.01432 4.59789 0.00393 0.01248 -0.00414 0.99991
1033372.068302148 0.12936 -0.01721 4.66741 0.00391 0.01239 -0.00342 0.99991
1033372.073591108 0.12885 -0.01288 4.72606 0.00363 0.01202 -0.00317 0.99992
1033372.082771140 0.13284 -0.01210 4.77349 0.00367 0.01202 -0.00268 0.99992
1033372.087572164 0.13658 -0.01398 4.80289 0.00335 0.01217 -0.00202 0.99992
1033372.096542148 0.13241 -0.01596 4.80873 0.00321 0.01284 -0.00361 0.99991
1033372.099055044 0.12894 -0.01717 4.82193 0.00380 0.01313 -0.00393 0.99990
1033372.101132100 0.12874 -0.01496 4.83795 0.00388 0.01310 -0.00380 0.99990
1033372.110313156 0.13417 -0.01761 4.87472 0.00370 0.01325 -0.00437 0.99990
1033372.116459076 0.13670 -0.02480 4.91522 0.00359 0.01324 -0.00439 0.99990
1033372.124084164 0.14075 -0.02002 4.97763 0.00373 0.01265 -0.00344 0.99991
1033372.133264068 0.15060 -0.01291 5.03209 0.00358 0.01251 -0.00203 0.99991
1033372.137246148 0.14878 -0.01564 5.07038 0.00354 0.01257 -0.00312 0.99991
1033372.147035076 0.15566 -0.01906 5.11574 0.00295 0.01242 -0.00202 0.99992
1033372.151625156 0.15312 -0.02201 5.15000 0.00298 0.01243 -0.00270 0.99991
1033372.156215108 0.15163 -0.01911 5.12296 0.00324 0.01350 -0.00348 0.99990
1033372.165396164 0.14533 -0.02267 5.16516 0.00344 0.01390 -0.00394 0.99989
1033372.169986116 0.14783 -0.02669 5.18529 0.00330 0.01395 -0.00410 0.99989
1033372.174576068 0.14949 -0.02517 5.21800 0.00350 0.01406 -0.00408 0.99989
1033372.179167044 0.15589 -0.02335 5.27578 0.00309 0.01321 -0.00314 0.99990
1033372.183757124 0.16015 -0.01734 5.30454 0.00334 0.01289 -0.00226 0.99991
1033372.192937156 0.16360 -0.01751 5.35817 0.00311 0.01282 -0.00183 0.99991
1033372.199295044 0.16806 -0.01992 5.39595 0.00301 0.01306 -0.00208 0.99991
1033372.206708164 0.17032 -0.02232 5.44412 0.00296 0.01304 -0.00229 0.99991
1033372.213180100 0.16525 -0.02377 5.42983 0.00296 0.01393 -0.00350 0.99989
1033372.215889092 0.16706 -0.02210 5.43935 0.00333 0.01439 -0.00324 0.99989
1033372.220479044 0.16750 -0.02262 5.46513 0.00323 0.01441 -0.00334 0.99989
1033372.225069124 0.16625 -0.02494 5.48154 0.00346 0.01446 -0.00367 0.99988
1033372.231125060 0.17277 -0.02695 5.52293 0.00306 0.01392 -0.00267 0.99989
1033372.243430084 0.18013 -0.03064 5.57597 0.00269 0.01358 -0.00247 0.99990
1033372.248020164 0.18543 -0.03249 5.61910 0.00297 0.01369 -0.00190 0.99990
1033372.257201092 0.19554 -0.03179 5.67089 0.00289 0.01352 -0.00194 0.99990
1033372.261791044 0.19205 -0.03433 5.66745 0.00297 0.01446 -0.00310 0.99989
1033372.270972100 0.18484 -0.03714 5.71253 0.00303 0.01489 -0.00371 0.99988
1033372.275562052 0.18405 -0.02726 5.75071 0.00310 0.01479 -0.00305 0.99988
1033372.284742084 0.19024 -0.03110 5.81513 0.00278 0.01398 -0.00140 0.99990
1033372.289333060 0.19601 -0.03179 5.85141 0.00280 0.01389 -0.00145 0.99990
1033372.298513092 0.20531 -0.03543 5.90351 0.00263 0.01396 -0.00165 0.99990
1033372.303103044 0.20543 -0.03696 5.93457 0.00266 0.01395 -0.00116 0.99990
1033372.316874052 0.19738 -0.04839 5.94519 0.00282 0.01507 -0.00335 0.99988
1033372.321464132 0.19616 -0.05250 5.97515 0.00274 0.01547 -0.00402 0.99987
1033372.326055108 0.19235 -0.05064 5.99598 0.00258 0.01555 -0.00429 0.99987
1033372.330645060 0.18555 -0.04801 6.01615 0.00278 0.01571 -0.00443 0.99986
1033372.335235140 0.18876 -0.04548 6.05637 0.00276 0.01583 -0.00405 0.99986
1033372.339825092 0.19078 -0.04611 6.10081 0.00273 0.01463 -0.00318 0.99988
1033372.349006148 0.20371 -0.04785 6.15890 0.00238 0.01475 -0.00203 0.99989
1033372.353596100 0.21268 -0.04895 6.19848 0.00249 0.01441 -0.00168 0.99989
1033372.360175044 0.21377 -0.04718 6.25526 0.00241 0.01456 -0.00141 0.99989
1033372.367367108 0.21766 -0.04671 6.28032 0.00207 0.01465 -0.00157 0.99989
1033372.371957060 0.21387 -0.05490 6.26342 0.00229 0.01541 -0.00345 0.99987
1033372.381138116 0.21246 -0.06811 6.28239 0.00238 0.01579 -0.00395 0.99986
1033372.385729092 0.21300 -0.06584 6.30551 0.00236 0.01583 -0.00409 0.99986
1033372.390318148 0.20775 -0.06471 6.33674 0.00223 0.01599 -0.00458 0.99986
1033372.394908100 0.21164 -0.05782 6.38126 0.00233 0.01494 -0.00241 0.99988
1033372.404089156 0.21233 -0.06400 6.45178 0.00206 0.01501 -0.00230 0.99988
1033372.413269060 0.22005 -0.05883 6.50223 0.00221 0.01496 -0.00210 0.99988
1033372.422450116 0.23275 -0.06357 6.56697 0.00205 0.01517 -0.00145 0.99988
1033372.427040068 0.22933 -0.06791 6.56321 0.00209 0.01597 -0.00373 0.99986
1033372.431630148 0.21610 -0.06668 6.60706 0.00190 0.01623 -0.00429 0.99986
1033372.436221124 0.21675 -0.06967 6.61226 0.00179 0.01628 -0.00419 0.99986
1033372.445401156 0.21998 -0.06878 6.64623 0.00190 0.01638 -0.00469 0.99985
1033372.449991108 0.22258 -0.06514 6.66775 0.00206 0.01627 -0.00427 0.99986
1033372.455536068 0.22064 -0.06374 6.69159 0.00205 0.01556 -0.00276 0.99987
1033372.463762116 0.22875 -0.06246 6.74974 0.00186 0.01529 -0.00150 0.99988
1033372.469116100 0.22838 -0.06114 6.79503 0.00191 0.01538 -0.00166 0.99988
1033372.477533124 0.23584 -0.05820 6.82915 0.00172 0.01537 -0.00140 0.99988
1033372.484448068 0.23938 -0.06670 6.85353 0.00167 0.01643 -0.00313 0.99986
1033372.486713156 0.22840 -0.07180 6.85564 0.00172 0.01675 -0.00480 0.99985
1033372.499579076 0.23155 -0.07529 6.94231 0.00143 0.01691 -0.00485 0.99984
1033372.505074116 0.22892 -0.07597 6.97759 0.00123 0.01704 -0.00455 0.99984
1033372.510396100 0.24078 -0.07793 7.02399 0.00134 0.01686 -0.00438 0.99985
1033372.518845124 0.24008 -0.07478 7.06898 0.00132 0.01584 -0.00237 0.99987
1033372.523435076 0.24950 -0.07504 7.11752 0.00129 0.01565 -0.00151 0.99988
1033372.533251140 0.25214 -0.07248 7.17810 0.00102 0.01578 -0.00132 0.99987
1033372.546387140 0.25241 -0.07048 7.27148 0.00115 0.01591 -0.00145 0.99987
1033372.550977092 0.25536 -0.07427 7.25261 0.00087 0.01690 -0.00324 0.99985
1033372.555567044 0.24797 -0.08371 7.24904 0.00091 0.01718 -0.00440 0.99984
1033372.560157124 0.24307 -0.07762 7.29787 0.00072 0.01723 -0.00395 0.99984
1033372.564748100 0.24964 -0.08655 7.30266 0.00088 0.01733 -0.00457 0.99984
1033372.569594052 0.24940 -0.08402 7.33200 0.00069 0.01711 -0.00444 0.99984
1033372.583109060 0.25382 -0.08388 7.42388 0.00049 0.01634 -0.00247 0.99986
1033372.583434052 0.25530 -0.07935 7.45943 0.00034 0.01614 -0.00137 0.99987
1033372.596879044 0.26434 -0.07875 7.53544 0.00045 0.01615 -0.00123 0.99987
1033372.606060100 0.27169 -0.08623 7.60728 0.00045 0.01615 -0.00119 0.99987
1033372.610651076 0.27681 -0.08746 7.58804 0.00028 0.01699 -0.00336 0.99985
1033372.615240132 0.26937 -0.09260 7.60288 0.00032 0.01727 -0.00393 0.99984
1033372.620472132 0.27196 -0.09953 7.64879 0.00018 0.01729 -0.00460 0.99984
1033372.629011140 0.26020 -0.09481 7.68994 0.00019 0.01733 -0.00477 0.99984
1033372.633601092 0.25929 -0.09127 7.70896 0.00019 0.01749 -0.00481 0.99984
1033372.638192068 0.25738 -0.08789 7.75268 0.00044 0.01663 -0.00184 0.99986
1033372.642782148 0.25810 -0.07685 7.80026 0.00038 0.01648 -0.00109 0.99986
1033372.651962052 0.27405 -0.08027 7.86545 0.00026 0.01634 -0.00079 0.99987
1033372.661143108 0.27066 -0.07503 7.95409 0.00016 0.01628 -0.00054 0.99987
1033372.670323140 0.26337 -0.06826 7.96955 0.00017 0.01641 -0.00048 0.99987
1033372.674914116 0.27152 -0.08116 7.95464 0.00004 0.01728 -0.00276 0.99985
1033372.677290052 0.26030 -0.09368 7.96176 -0.00034 0.01752 -0.00448 0.99984
1033372.684094148 0.26240 -0.09488 7.98806 -0.00040 0.01774 -0.00493 0.99983
1033372.688980164 0.26685 -0.10399 8.01952 -0.00030 0.01770 -0.00451 0.99983
1033372.697865156 0.27575 -0.10263 8.06810 -0.00061 0.01761 -0.00404 0.99984
1033372.702455108 0.28030 -0.10298 8.12183 -0.00061 0.01748 -0.00434 0.99984
1033372.702988100 0.27689 -0.09657 8.13047 -0.00056 0.01648 -0.00205 0.99986
1033372.711636164 0.28966 -0.09465 8.14175 -0.00060 0.01611 -0.00062 0.99987
1033372.720816068 0.30017 -0.09739 8.21914 -0.00081 0.01597 -0.00029 0.99987
1033372.725406148 0.29565 -0.09425 8.28473 -0.00116 0.01587 -0.00039 0.99987
1033372.730124100 0.28669 -0.08442 8.31922 -0.00076 0.01626 -0.00016 0.99987
1033372.739177156 0.29161 -0.09537 8.31180 -0.00064 0.01707 -0.00278 0.99985
1033372.743767108 0.28518 -0.09506 8.36581 -0.00066 0.01735 -0.00354 0.99984
1033372.751794116 0.28438 -0.09740 8.42632 -0.00060 0.01738 -0.00394 0.99984
1033372.757538116 0.28074 -0.09160 8.46557 -0.00057 0.01757 -0.00340 0.99984
1033372.766719044 0.28708 -0.09033 8.51336 -0.00079 0.01651 -0.00141 0.99986
1033372.775654084 0.30093 -0.09195 8.56231 -0.00101 0.01624 -0.00086 0.99987
1033372.785080132 0.30078 -0.10163 8.62343 -0.00142 0.01600 0.00051 0.99987
1033372.785375044 0.31602 -0.09934 8.64083 -0.00135 0.01609 -0.00042 0.99987
1033372.793914052 0.31332 -0.10516 8.70509 -0.00182 0.01584 -0.00035 0.99987
1033372.798850116 0.31125 -0.10768 8.68976 -0.00133 0.01683 -0.00283 0.99985
1033372.807300036 0.30595 -0.10664 8.74793 -0.00132 0.01684 -0.00340 0.99985
1033372.812621124 0.29921 -0.10484 8.79064 -0.00139 0.01715 -0.00364 0.99985
1033372.821803076 0.29565 -0.10675 8.82854 -0.00165 0.01612 -0.00090 0.99987
1033372.826392132 0.30365 -0.10783 8.87137 -0.00176 0.01575 -0.00058 0.99987
1033372.834364100 0.32538 -0.11041 8.93618 -0.00170 0.01571 -0.00039 0.99988
1033372.842774084 0.31557 -0.11492 8.99635 -0.00188 0.01555 -0.00011 0.99988
1033372.849343044 0.32997 -0.11217 8.97931 -0.00172 0.01633 -0.00349 0.99986
1033372.853933124 0.33312 -0.12358 9.00791 -0.00208 0.01646 -0.00373 0.99986
1033372.858524100 0.34677 -0.13720 9.02727 -0.00230 0.01627 -0.00412 0.99986
1033372.863114052 0.33571 -0.13429 9.07668 -0.00225 0.01643 -0.00412 0.99985
1033372.872294084 0.32095 -0.13510 9.10896 -0.00243 0.01655 -0.00421 0.99985
1033372.879898052 0.32441 -0.13404 9.14516 -0.00246 0.01563 -0.00143 0.99987
1033372.890655044 0.33826 -0.13874 9.23732 -0.00289 0.01507 -0.00059 0.99988
1033372.895245124 0.34202 -0.13583 9.29800 -0.00298 0.01488 -0.00053 0.99988
1033372.904426052 0.33934 -0.12988 9.33538 -0.00292 0.01485 -0.00046 0.99989
1033372.909016132 0.35078 -0.13360 9.38758 -0.00279 0.01474 -0.00001 0.99989
1033372.913606084 0.34177 -0.13656 9.40446 -0.00295 0.01493 -0.00072 0.99988
1033372.918198084 0.35221 -0.12993 9.39142 -0.00266 0.01588 -0.00348 0.99986
1033372.922787140 0.35753 -0.13256 9.44700 -0.00256 0.01580 -0.00333 0.99987
1033372.927377092 0.35012 -0.14091 9.48635 -0.00285 0.01590 -0.00342 0.99986
1033372.936558148 0.34667 -0.13188 9.52866 -0.00281 0.01604 -0.00349 0.99986
1033372.941148100 0.34126 -0.13783 9.54533 -0.00283 0.01515 -0.00092 0.99988
1033372.945738180 0.35184 -0.13375 9.60768 -0.00318 0.01461 0.00039 0.99989
1033372.950328004 0.35840 -0.13096 9.62996 -0.00298 0.01445 0.00022 0.99989
1033372.959509188 0.36858 -0.13818 9.64857 -0.00312 0.01419 -0.00024 0.99989
1033372.965124036 0.36415 -0.13893 9.69649 -0.00323 0.01424 0.00022 0.99989
1033372.973280196 0.36106 -0.13733 9.78671 -0.00333 0.01409 0.00018 0.99990
1033372.977870020 0.37067 -0.13451 9.77738 -0.00304 0.01507 -0.00225 0.99988
1033372.984630212 0.36698 -0.13475 9.78879 -0.00323 0.01515 -0.00222 0.99988
1033372.992771012 0.36349 -0.13439 9.85559 -0.00334 0.01538 -0.00263 0.99987
1033373.000821188 0.36741 -0.13555 9.86934 -0.00321 0.01524 -0.00263 0.99988
1033373.010002116 0.35951 -0.13615 9.94638 -0.00351 0.01424 -0.00029 0.99989
1033373.014592196 0.36901 -0.14630 10.01080 -0.00372 0.01389 0.00075 0.99990
1033373.019182020 0.37320 -0.13755 10.03400 -0.00377 0.01381 0.00042 0.99990
1033373.028363204 0.37585 -0.13855 10.09772 -0.00385 0.01355 0.00077 0.99990
1033373.037238980 0.37967 -0.15305 10.13573 -0.00396 0.01343 0.00036 0.99990
1033373.042133188 0.38290 -0.14963 10.18483 -0.00371 0.01343 0.00093 0.99990
1033373.046724036 0.39222 -0.13802 10.15153 -0.00366 0.01421 -0.00239 0.99989
1033373.051314116 0.38032 -0.13639 10.18850 -0.00381 0.01465 -0.00284 0.99988
1033373.055904196 0.37430 -0.14751 10.18633 -0.00399 0.01466 -0.00338 0.99988
1033373.060518084 0.37689 -0.13181 10.21328 -0.00371 0.01436 -0.00299 0.99989
1033373.069675204 0.38750 -0.13718 10.26217 -0.00395 0.01421 -0.00283 0.99989
1033373.078855108 0.37994 -0.14679 10.31264 -0.00406 0.01320 -0.00019 0.99990
1033373.083446212 0.39095 -0.15361 10.38260 -0.00415 0.01279 0.00022 0.99991
1033373.092626116 0.39338 -0.15500 10.43544 -0.00461 0.01239 0.00069 0.99991
1033373.097216196 0.40292 -0.16525 10.48601 -0.00476 0.01232 0.00009 0.99991
1033373.106397124 0.41422 -0.17387 10.54426 -0.00513 0.01213 0.00020 0.99991
1033373.110987204 0.43086 -0.16979 10.50469 -0.00522 0.01273 -0.00235 0.99990
1033373.115577028 0.43800 -0.17344 10.51712 -0.00504 0.01263 -0.00220 0.99991
1033373.126176196 0.43195 -0.17514 10.55881 -0.00547 0.01243 -0.00304 0.99990
1033373.133938116 0.42876 -0.17855 10.60531 -0.00604 0.01218 -0.00317 0.99990
1033373.138529220 0.42985 -0.18335 10.64856 -0.00582 0.01216 -0.00309 0.99990
1033373.143119044 0.43120 -0.19547 10.67737 -0.00587 0.01109 -0.00079 0.99992
1033373.147709124 0.44842 -0.20305 10.72663 -0.00622 0.01093 -0.00078 0.99992
1033373.156890052 0.44405 -0.20505 10.75258 -0.00626 0.01087 -0.00045 0.99992
1033373.166070212 0.45719 -0.19478 10.82719 -0.00620 0.01019 0.00006 0.99993
1033373.175251140 0.46012 -0.18448 10.82029 -0.00632 0.01118 -0.00210 0.99992
1033373.179841220 0.46752 -0.19384 10.84580 -0.00638 0.01105 -0.00342 0.99991
1033373.184431044 0.46294 -0.19966 10.89839 -0.00659 0.01122 -0.00282 0.99991
1033373.189021124 0.45579 -0.19112 10.94686 -0.00661 0.01123 -0.00290 0.99991
1033373.198202052 0.43764 -0.17968 11.00010 -0.00635 0.01144 -0.00243 0.99991
1033373.202792132 0.42937 -0.18614 11.04753 -0.00614 0.01046 -0.00071 0.99993
1033373.210243012 0.43987 -0.19405 11.11090 -0.00668 0.01009 -0.00046 0.99993
1033373.220812996 0.44566 -0.19691 11.19564 -0.00689 0.00975 -0.00034 0.99993
1033373.225743044 0.45083 -0.18240 11.21455 -0.00641 0.00971 0.00066 0.99993
1033373.230334148 0.45654 -0.19054 11.24878 -0.00671 0.00942 0.00018 0.99993
1033373.239514052 0.46056 -0.19520 11.29982 -0.00697 0.00916 0.00050 0.99993
1033373.244104132 0.48293 -0.18523 11.27122 -0.00682 0.00981 -0.00223 0.99993
1033373.248694980 0.48147 -0.19807 11.26357 -0.00693 0.00971 -0.00277 0.99993
1033373.259688132 0.48178 -0.19371 11.34610 -0.00700 0.00942 -0.00260 0.99993
1033373.267056068 0.48572 -0.20052 11.39166 -0.00723 0.00931 -0.00271 0.99993
1033373.271646148 0.47283 -0.21264 11.44861 -0.00726 0.00833 -0.00098 0.99994
1033373.280826052 0.48557 -0.21305 11.51636 -0.00772 0.00799 -0.00011 0.99994
1033373.285417156 0.48758 -0.21310 11.54658 -0.00752 0.00786 0.00013 0.99994
1033373.294597060 0.49228 -0.21670 11.62141 -0.00758 0.00761 0.00058 0.99994
1033373.299187140 0.49682 -0.21105 11.65896 -0.00761 0.00746 -0.00008 0.99994
1033373.308368068 0.49968 -0.19739 11.61209 -0.00726 0.00820 -0.00187 0.99994
1033373.312958148 0.51011 -0.19916 11.61410 -0.00720 0.00774 -0.00189 0.99994
1033373.321771204 0.51622 -0.20231 11.66955 -0.00760 0.00744 -0.00200 0.99994
1033373.328645060 0.52669 -0.20443 11.71525 -0.00756 0.00719 -0.00174 0.99994
1033373.337142212 0.50905 -0.22461 11.79785 -0.00757 0.00645 0.00051 0.99995
1033373.340500164 0.52270 -0.23003 11.86060 -0.00793 0.00631 0.00089 0.99995
1033373.354270148 0.52075 -0.23482 11.92750 -0.00807 0.00562 0.00055 0.99995
1033373.358860996 0.54049 -0.22929 11.99561 -0.00818 0.00550 0.00114 0.99995
1033373.363451076 0.53568 -0.22341 12.02095 -0.00809 0.00521 0.00090 0.99995
1033373.372630980 0.53909 -0.21162 12.02145 -0.00791 0.00548 -0.00084 0.99995
1033373.381812164 0.51791 -0.20084 12.07244 -0.00774 0.00578 -0.00118 0.99995
1033373.386401988 0.51951 -0.19245 12.10847 -0.00761 0.00582 -0.00139 0.99995
1033373.391403204 0.52280 -0.19143 12.15497 -0.00759 0.00557 -0.00116 0.99995
1033373.403497156 0.51962 -0.19803 12.23624 -0.00784 0.00542 -0.00092 0.99995
1033373.404763076 0.52133 -0.21606 12.28636 -0.00797 0.00481 0.00121 0.99996
1033373.409353156 0.52543 -0.20783 12.31918 -0.00800 0.00467 0.00196 0.99996
1033373.418534084 0.53243 -0.21400 12.39845 -0.00838 0.00418 0.00114 0.99996
1033373.423124164 0.52332 -0.22173 12.42615 -0.00859 0.00437 0.00060 0.99995
1033373.429440196 0.52477 -0.22872 12.45887 -0.00881 0.00420 0.00095 0.99995
1033373.436895172 0.53364 -0.20666 12.41180 -0.00855 0.00444 -0.00175 0.99995
1033373.441484996 0.53603 -0.19877 12.46264 -0.00819 0.00408 -0.00086 0.99996
1033373.450666180 0.52998 -0.19334 12.50814 -0.00790 0.00388 -0.00098 0.99996
1033373.455256004 0.52361 -0.19600 12.54433 -0.00798 0.00378 -0.00117 0.99996
1033373.464436164 0.51770 -0.19056 12.62512 -0.00793 0.00366 -0.00131 0.99996
1033373.473617092 0.52315 -0.20222 12.70824 -0.00832 0.00303 0.00127 0.99996
1033373.478207172 0.53409 -0.22350 12.75645 -0.00902 0.00283 0.00090 0.99995
1033373.487388100 0.53871 -0.22950 12.83049 -0.00893 0.00239 0.00108 0.99996
1033373.491978180 0.53537 -0.22872 12.85830 -0.00872 0.00215 0.00147 0.99996
1033373.496568004 0.53251 -0.21450 12.83254 -0.00870 0.00265 -0.00113 0.99996
1033373.501158084 0.53142 -0.21281 12.84365 -0.00864 0.00253 -0.00069 0.99996
1033373.510339012 0.52515 -0.20543 12.87617 -0.00866 0.00249 -0.00099 0.99996
1033373.517462212 0.52539 -0.20808 12.93946 -0.00843 0.00201 -0.00081 0.99996
1033373.524110020 0.54309 -0.20829 12.96151 -0.00862 0.00156 -0.00054 0.99996
1033373.531866052 0.53999 -0.20504 13.04478 -0.00882 0.00115 -0.00025 0.99996
1033373.537880004 0.54485 -0.22045 13.11204 -0.00870 0.00063 0.00205 0.99996
1033373.547061188 0.53960 -0.23120 13.17489 -0.00904 0.00045 0.00217 0.99996
1033373.551651012 0.53594 -0.23334 13.21594 -0.00921 0.00015 0.00191 0.99996
1033373.560832196 0.54336 -0.23756 13.26990 -0.00955 -0.00026 0.00206 0.99995
1033373.565734084 0.55266 -0.21734 13.23517 -0.00941 0.00008 -0.00014 0.99996
1033373.570012100 0.54746 -0.21084 13.25838 -0.00896 0.00023 0.00026 0.99996
1033373.574602180 0.54714 -0.21171 13.26333 -0.00933 -0.00026 -0.00078 0.99996
1033373.581125060 0.55242 -0.21508 13.32260 -0.00901 -0.00052 -0.00121 0.99996
1033373.588373188 0.55226 -0.22577 13.32615 -0.00925 -0.00161 0.00187 0.99995
1033373.592963012 0.57280 -0.24342 13.37177 -0.00952 -0.00216 0.00314 0.99995
1033373.602144196 0.59085 -0.24259 13.42762 -0.00990 -0.00278 0.00264 0.99994
1033373.607188164 0.59342 -0.25008 13.47716 -0.01000 -0.00338 0.00300 0.99994
1033373.615915204 0.59056 -0.25190 13.54943 -0.01021 -0.00372 0.00274 0.99994
1033373.620505028 0.58877 -0.24435 13.54045 -0.01034 -0.00307 0.00072 0.99994
1033373.625095108 0.58062 -0.23437 13.57835 -0.01014 -0.00286 -0.00006 0.99994
1033373.634276036 0.57419 -0.23320 13.65813 -0.01002 -0.00316 0.00041 0.99994
1033373.638866116 0.57330 -0.22294 13.67513 -0.00979 -0.00333 0.00031 0.99995
1033373.648046020 0.56207 -0.22962 13.72511 -0.00991 -0.00441 0.00220 0.99994
1033373.652637124 0.54926 -0.23733 13.77417 -0.01001 -0.00457 0.00331 0.99993
1033373.660367044 0.56939 -0.24115 13.85363 -0.01017 -0.00507 0.00339 0.99993
1033373.666407108 0.56102 -0.23777 13.90400 -0.01003 -0.00543 0.00297 0.99993
1033373.670998212 0.55969 -0.23831 13.96033 -0.00999 -0.00563 0.00329 0.99993
1033373.677588164 0.57148 -0.23836 13.93864 -0.01032 -0.00515 0.00018 0.99993
1033373.684768196 0.57549 -0.23337 13.97350 -0.01057 -0.00572 0.00025 0.99993
1033373.689359044 0.57924 -0.22599 14.01965 -0.01034 -0.00585 0.00024 0.99993
1033373.696020164 0.57333 -0.23235 14.05200 -0.01029 -0.00590 -0.00023 0.99993
1033373.701760196 0.57814 -0.23523 14.09675 -0.01043 -0.00649 -0.00035 0.99992
1033373.703129028 0.58116 -0.23496 14.09971 -0.01043 -0.00715 0.00292 0.99992
1033373.712532164 0.58594 -0.24985 14.11992 -0.01015 -0.00793 0.00372 0.99991
1033373.719205060 0.59110 -0.24940 14.21442 -0.01054 -0.00825 0.00390 0.99990
1033373.728689092 0.57424 -0.24507 14.30776 -0.01058 -0.00887 0.00415 0.99990
1033373.735261124 0.56472 -0.23542 14.36308 -0.01029 -0.00880 0.00326 0.99990
1033373.739851204 0.57536 -0.22394 14.37115 -0.01059 -0.00819 0.00075 0.99991
1033373.743438020 0.57075 -0.22405 14.40433 -0.01046 -0.00821 0.00019 0.99991
1033373.749032132 0.54904 -0.22542 14.40910 -0.01084 -0.00824 0.00018 0.99991
1033373.753622212 0.55007 -0.22729 14.43896 -0.01076 -0.00844 0.00019 0.99991
1033373.762803140 0.54027 -0.22992 14.48089 -0.01066 -0.00969 0.00247 0.99989
1033373.769513156 0.53763 -0.22946 14.57177 -0.01057 -0.01009 0.00310 0.99989
1033373.772150212 0.55743 -0.23324 14.59756 -0.01057 -0.01059 0.00355 0.99988
1033373.781163972 0.55473 -0.23714 14.66672 -0.01077 -0.01125 0.00327 0.99987
1033373.785754052 0.54862 -0.23025 14.72067 -0.01075 -0.01144 0.00381 0.99987
1033373.790344132 0.56438 -0.22936 14.67903 -0.01090 -0.01104 0.00164 0.99988
1033373.795090116 0.55891 -0.22792 14.69229 -0.01116 -0.01112 0.00168 0.99987
1033373.804115140 0.55030 -0.22473 14.72737 -0.01090 -0.01172 0.00176 0.99987
1033373.808705220 0.55727 -0.22680 14.77668 -0.01124 -0.01213 0.00145 0.99986
1033373.813295044 0.56655 -0.23254 14.82383 -0.01134 -0.01259 0.00122 0.99986
1033373.822476228 0.56172 -0.25312 14.84427 -0.01133 -0.01366 0.00353 0.99984
1033373.830753988 0.56592 -0.25341 14.87803 -0.01199 -0.01446 0.00369 0.99982
1033373.836246980 0.56678 -0.26783 14.92981 -0.01188 -0.01492 0.00378 0.99981
1033373.840837060 0.56487 -0.26346 14.98182 -0.01195 -0.01556 0.00421 0.99980
1033373.845427140 0.58107 -0.24588 14.98610 -0.01213 -0.01480 0.00167 0.99982
1033373.850017220 0.58802 -0.23777 15.01557 -0.01193 -0.01524 0.00113 0.99981
1033373.854608068 0.61216 -0.23332 15.02353 -0.01183 -0.01591 0.00098 0.99980
1033373.859198148 0.60930 -0.22557 15.06685 -0.01208 -0.01636 0.00173 0.99979
1033373.863787972 0.59184 -0.22934 15.11585 -0.01193 -0.01656 0.00156 0.99979
1033373.869675972 0.57157 -0.22822 15.16585 -0.01207 -0.01666 0.00211 0.99979
1033373.876385988 0.56083 -0.24492 15.15511 -0.01198 -0.01780 0.00424 0.99976
1033373.882149060 0.55883 -0.25494 15.24149 -0.01243 -0.01815 0.00484 0.99975
1033373.886739140 0.55405 -0.27190 15.28606 -0.01264 -0.01858 0.00491 0.99974
1033373.895265220 0.54228 -0.26343 15.32667 -0.01266 -0.01897 0.00466 0.99973
1033373.900510148 0.52843 -0.25989 15.39555 -0.01280 -0.01933 0.00418 0.99972
1033373.905470148 0.52839 -0.25164 15.39403 -0.01317 -0.01861 0.00206 0.99974
1033373.910044100 0.52857 -0.24532 15.43455 -0.01278 -0.01874 0.00231 0.99974
1033373.918870980 0.50923 -0.23614 15.45802 -0.01309 -0.01914 0.00122 0.99973
1033373.923461060 0.50950 -0.23381 15.50784 -0.01307 -0.01958 0.00089 0.99972
1033373.930693060 0.49328 -0.24133 15.54086 -0.01316 -0.02079 0.00286 0.99969
1033373.933737156 0.48521 -0.25054 15.58822 -0.01331 -0.02112 0.00418 0.99968
1033373.941822148 0.46940 -0.25624 15.63718 -0.01354 -0.02172 0.00428 0.99966
1033373.946412996 0.46064 -0.26107 15.68591 -0.01377 -0.02203 0.00309 0.99966
1033373.951003076 0.43969 -0.25517 15.72685 -0.01391 -0.02199 0.00301 0.99966
1033373.955593156 0.42896 -0.25509 15.76999 -0.01409 -0.02205 0.00347 0.99965
1033373.960182980 0.45864 -0.24238 15.72429 -0.01418 -0.02103 0.00083 0.99968
1033373.969364164 0.44267 -0.23729 15.78094 -0.01422 -0.02186 0.00019 0.99966
1033373.973953988 0.44767 -0.23112 15.82059 -0.01420 -0.02231 0.00021 0.99965
1033373.976581060 0.45241 -0.22020 15.85888 -0.01398 -0.02279 0.00061 0.99964
1033373.983135172 0.42453 -0.24064 15.91157 -0.01398 -0.02388 0.00235 0.99961
1033373.990038212 0.42102 -0.24750 15.96541 -0.01443 -0.02478 0.00331 0.99958
1033373.996905156 0.40996 -0.24687 16.04469 -0.01475 -0.02499 0.00301 0.99957
1033374.002115012 0.39288 -0.24022 16.12001 -0.01466 -0.02529 0.00327 0.99957
1033374.010676164 0.38098 -0.24944 16.12140 -0.01515 -0.02588 0.00322 0.99954
1033374.015265988 0.39097 -0.24505 16.06917 -0.01534 -0.02513 0.00100 0.99957
1033374.024447172 0.38295 -0.23436 16.12195 -0.01525 -0.02560 0.00017 0.99956
1033374.029036996 0.37520 -0.23463 16.15960 -0.01535 -0.02596 -0.00023 0.99954
1033374.033627076 0.37542 -0.24014 16.16821 -0.01535 -0.02641 -0.00004 0.99953
1033374.038218180 0.37729 -0.23879 16.21952 -0.01531 -0.02749 0.00153 0.99950
1033374.042808004 0.36985 -0.25546 16.28682 -0.01536 -0.02843 0.00269 0.99947
1033374.047398084 0.36009 -0.26086 16.36038 -0.01543 -0.02868 0.00300 0.99946
1033374.051988164 0.34720 -0.24745 16.36452 -0.01573 -0.02893 0.00210 0.99946
1033374.056579012 0.34208 -0.25115 16.38435 -0.01547 -0.02908 0.00207 0.99946
1033374.065759172 0.32539 -0.25251 16.46169 -0.01558 -0.02995 0.00233 0.99943
1033374.070348996 0.34025 -0.24577 16.41493 -0.01615 -0.02902 -0.00017 0.99945
1033374.074940100 0.35171 -0.24218 16.42571 -0.01601 -0.02952 0.00002 0.99944
1033374.079530180 0.34148 -0.23234 16.47560 -0.01598 -0.02986 -0.00072 0.99943
1033374.088710084 0.30593 -0.23847 16.56456 -0.01616 -0.03000 0.00027 0.99942
1033374.093301188 0.27819 -0.24867 16.58492 -0.01588 -0.03127 0.00050 0.99938
1033374.097891012 0.26808 -0.24664 16.63679 -0.01588 -0.03171 0.00148 0.99937
1033374.102481092 0.26707 -0.24267 16.66817 -0.01609 -0.03229 0.00197 0.99935
1033374.107071172 0.26123 -0.25195 16.71228 -0.01609 -0.03272 0.00148 0.99933
1033374.111662020 0.26825 -0.25108 16.73777 -0.01629 -0.03325 0.00146 0.99931
1033374.119024068 0.28875 -0.24001 16.72534 -0.01653 -0.03253 -0.00078 0.99933
1033374.122955204 0.28551 -0.24108 16.76714 -0.01653 -0.03284 -0.00104 0.99932
1033374.125432004 0.29734 -0.21770 16.79224 -0.01613 -0.03321 -0.00107 0.99932
1033374.130023108 0.30094 -0.21390 16.80790 -0.01597 -0.03386 -0.00094 0.99930
1033374.134613188 0.29923 -0.21718 16.86392 -0.01636 -0.03438 -0.00122 0.99927
1033374.139203012 0.28872 -0.23521 16.87559 -0.01655 -0.03471 -0.00130 0.99926
1033374.143793092 0.26638 -0.23959 16.90961 -0.01617 -0.03584 0.00140 0.99923
1033374.148384196 0.25956 -0.23868 16.94864 -0.01626 -0.03640 0.00216 0.99920
1033374.157564100 0.23574 -0.24379 17.04509 -0.01644 -0.03727 0.00201 0.99917
1033374.162154180 0.22919 -0.23753 17.08914 -0.01652 -0.03757 0.00225 0.99915
1033374.166745028 0.22371 -0.24288 17.11427 -0.01638 -0.03789 0.00185 0.99915
1033374.171335108 0.22102 -0.23143 17.17393 -0.01645 -0.03851 0.00222 0.99912
1033374.175925188 0.25314 -0.21999 17.14212 -0.01650 -0.03775 -0.00066 0.99915
1033374.180515012 0.25395 -0.21184 17.18289 -0.01633 -0.03817 -0.00087 0.99914
1033374.185106116 0.23517 -0.21460 17.18474 -0.01640 -0.03860 0.00020 0.99912
1033374.187574980 0.24063 -0.21797 17.19835 -0.01639 -0.03885 -0.00089 0.99911
1033374.194286020 0.22194 -0.21442 17.25737 -0.01639 -0.03914 -0.00052 0.99910
1033374.198876100 0.19994 -0.23222 17.28838 -0.01603 -0.04041 0.00063 0.99905
1033374.203467204 0.19388 -0.24544 17.32553 -0.01639 -0.04098 0.00198 0.99902
1033374.208057028 0.19180 -0.24124 17.38353 -0.01640 -0.04168 0.00178 0.99899
1033374.212647108 0.17808 -0.23269 17.43300 -0.01627 -0.04176 0.00281 0.99899
1033374.217237188 0.17253 -0.23111 17.48127 -0.01610 -0.04248 0.00167 0.99897
1033374.221828036 0.20120 -0.22174 17.46100 -0.01641 -0.04215 0.00055 0.99898
1033374.226418116 0.20603 -0.20774 17.50228 -0.01617 -0.04263 0.00063 0.99896
1033374.231008196 0.20733 -0.21162 17.53671 -0.01606 -0.04323 -0.00003 0.99894
1033374.239574980 0.19901 -0.20785 17.60681 -0.01613 -0.04424 0.00049 0.99889
1033374.244779204 0.18799 -0.21637 17.63414 -0.01614 -0.04463 0.00091 0.99887
1033374.249369028 0.16764 -0.22985 17.64277 -0.01602 -0.04523 0.00366 0.99884
1033374.253959108 0.14092 -0.22904 17.70093 -0.01581 -0.04557 0.00370 0.99883
1033374.258550212 0.14051 -0.23142 17.73862 -0.01599 -0.04600 0.00308 0.99881
1033374.266292164 0.11872 -0.22532 17.80330 -0.01573 -0.04662 0.00406 0.99878
1033374.271308228 0.14520 -0.21685 17.74975 -0.01598 -0.04653 0.00136 0.99879
1033374.273290180 0.16859 -0.21924 17.77113 -0.01609 -0.04718 0.00158 0.99876
1033374.281501124 0.14673 -0.21219 17.85072 -0.01602 -0.04768 0.00143 0.99873
1033374.286091204 0.14884 -0.20777 17.91122 -0.01590 -0.04840 0.00167 0.99870
1033374.290681028 0.14573 -0.20828 17.97041 -0.01605 -0.04878 0.00108 0.99868
1033374.295272132 0.14597 -0.20944 17.98656 -0.01615 -0.04944 0.00104 0.99865
1033374.299862212 0.11581 -0.21595 18.03604 -0.01530 -0.05019 0.00319 0.99862
1033374.304452036 0.09523 -0.21462 18.06128 -0.01502 -0.05049 0.00426 0.99860
1033374.309042116 0.08467 -0.21358 18.12080 -0.01530 -0.05078 0.00357 0.99859
1033374.313633220 0.07713 -0.20855 18.14189 -0.01513 -0.05122 0.00357 0.99857
1033374.320733124 0.06175 -0.21351 18.20753 -0.01512 -0.05187 0.00319 0.99853
1033374.327403204 0.09104 -0.20041 18.19702 -0.01560 -0.05176 0.00127 0.99854
1033374.331994052 0.09251 -0.20018 18.22656 -0.01537 -0.05247 0.00010 0.99850
1033374.341174212 0.08552 -0.20436 18.28797 -0.01536 -0.05326 0.00048 0.99846
1033374.345764036 0.06634 -0.21125 18.32794 -0.01502 -0.05433 0.00290 0.99841
1033374.350355140 0.05739 -0.20894 18.36975 -0.01523 -0.05519 0.00280 0.99836
1033374.354945220 0.04123 -0.20584 18.40352 -0.01520 -0.05525 0.00354 0.99835
1033374.359535044 0.03268 -0.20374 18.45887 -0.01506 -0.05577 0.00346 0.99832
1033374.366570180 0.02388 -0.20677 18.52476 -0.01527 -0.05655 0.00288 0.99828
1033374.369760196 0.04410 -0.19878 18.50113 -0.01573 -0.05574 0.00037 0.99832
1033374.377896132 0.03210 -0.20765 18.54666 -0.01567 -0.05662 0.00053 0.99827
1033374.382486212 0.02545 -0.20313 18.58873 -0.01597 -0.05716 -0.00008 0.99824
1033374.387077060 0.02843 -0.20441 18.60477 -0.01573 -0.05781 0.00005 0.99820
1033374.391667140 0.01690 -0.20240 18.64892 -0.01551 -0.05824 0.00001 0.99818
1033374.396257220 -0.00962 -0.20224 18.70009 -0.01546 -0.05910 0.00313 0.99813
1033374.400847044 -0.01232 -0.20265 18.75030 -0.01513 -0.05953 0.00332 0.99811
1033374.405438148 -0.01603 -0.21269 18.76648 -0.01533 -0.06028 0.00335 0.99806
1033374.408009156 -0.01100 -0.20643 18.79425 -0.01551 -0.06065 0.00369 0.99803
1033374.414635972 -0.01982 -0.21087 18.83452 -0.01557 -0.06144 0.00398 0.99798
1033374.419532228 -0.00219 -0.20158 18.80512 -0.01627 -0.06099 0.00036 0.99801
1033374.428389060 -0.02402 -0.21573 18.85032 -0.01635 -0.06191 -0.00025 0.99795
1033374.432979140 -0.02565 -0.21654 18.90471 -0.01655 -0.06247 0.00050 0.99791
1033374.437569220 -0.03914 -0.20665 18.94834 -0.01642 -0.06308 0.00081 0.99787
1033374.442160068 -0.03394 -0.21414 18.96530 -0.01651 -0.06364 0.00053 0.99784
1033374.447201988 -0.03851 -0.20098 19.02705 -0.01605 -0.06415 0.00014 0.99781
1033374.451340228 -0.07232 -0.20884 19.09472 -0.01573 -0.06476 0.00363 0.99777
1033374.460521156 -0.08929 -0.20456 19.18438 -0.01590 -0.06584 0.00387 0.99770
1033374.465110980 -0.08919 -0.19580 19.23365 -0.01578 -0.06667 0.00388 0.99764
1033374.469701060 -0.10387 -0.19316 19.25805 -0.01586 -0.06704 0.00450 0.99761
1033374.474291140 -0.11820 -0.18873 19.30284 -0.01564 -0.06756 0.00400 0.99758
1033374.475828164 -0.09443 -0.19198 19.24544 -0.01619 -0.06684 0.00130 0.99763
1033374.478881988 -0.09409 -0.18627 19.24531 -0.01633 -0.06723 0.00127 0.99760
1033374.488062148 -0.10626 -0.19154 19.32538 -0.01647 -0.06818 0.00110 0.99754
1033374.492651972 -0.11716 -0.19160 19.34383 -0.01632 -0.06882 0.00117 0.99749
1033374.497243076 -0.12399 -0.20136 19.37714 -0.01658 -0.06941 0.00140 0.99745
1033374.501833156 -0.14729 -0.20509 19.42834 -0.01626 -0.06998 0.00468 0.99741
1033374.506422980 -0.15080 -0.19280 19.47563 -0.01597 -0.07065 0.00480 0.99736
1033374.511013060 -0.16064 -0.18117 19.53328 -0.01575 -0.07127 0.00431 0.99732
1033374.513498052 -0.16022 -0.18563 19.55652 -0.01599 -0.07167 0.00506 0.99729
1033374.520193988 -0.17259 -0.19253 19.58431 -0.01602 -0.07246 0.00477 0.99723
1033374.527096004 -0.15381 -0.18221 19.57811 -0.01657 -0.07244 0.00251 0.99723
1033374.530121156 -0.15910 -0.18219 19.59813 -0.01658 -0.07271 0.00146 0.99721
1033374.538555076 -0.18052 -0.18247 19.67052 -0.01657 -0.07360 0.00175 0.99715
1033374.543145156 -0.19145 -0.18421 19.71541 -0.01683 -0.07406 0.00158 0.99711
1033374.547734980 -0.19722 -0.18263 19.73932 -0.01678 -0.07491 0.00195 0.99705
1033374.552326084 -0.19709 -0.18140 19.77982 -0.01675 -0.07557 0.00178 0.99700
1033374.556916164 -0.21665 -0.18607 19.81353 -0.01611 -0.07626 0.00470 0.99695
1033374.561505988 -0.22656 -0.18858 19.87062 -0.01624 -0.07695 0.00506 0.99689
1033374.564105156 -0.22785 -0.18841 19.87990 -0.01597 -0.07719 0.00518 0.99688
1033374.570687172 -0.23586 -0.17761 19.93587 -0.01607 -0.07804 0.00491 0.99681
1033374.575276996 -0.25363 -0.17847 19.98150 -0.01619 -0.07860 0.00496 0.99676
1033374.579867076 -0.23540 -0.17051 19.96372 -0.01670 -0.07839 0.00208 0.99678
1033374.584457156 -0.24495 -0.18026 19.98923 -0.01700 -0.07895 0.00217 0.99673
1033374.589048004 -0.24734 -0.17980 20.02628 -0.01730 -0.07963 0.00285 0.99667
1033374.592484036 -0.24644 -0.18803 20.05017 -0.01729 -0.08031 0.00319 0.99662
1033374.598228164 -0.26085 -0.18467 20.08979 -0.01750 -0.08094 0.00312 0.99656
1033374.602817988 -0.27138 -0.17832 20.14113 -0.01735 -0.08152 0.00264 0.99652
1033374.607409092 -0.28541 -0.18567 20.16681 -0.01658 -0.08196 0.00498 0.99648
1033374.611999172 -0.30848 -0.17903 20.22919 -0.01669 -0.08252 0.00546 0.99643
1033374.621179076 -0.31650 -0.17860 20.28214 -0.01648 -0.08350 0.00514 0.99636
1033374.625770180 -0.32359 -0.18167 20.33467 -0.01663 -0.08439 0.00572 0.99628
1033374.630360004 -0.32135 -0.18074 20.36445 -0.01669 -0.08507 0.00554 0.99622
1033374.634950084 -0.32007 -0.16883 20.35883 -0.01750 -0.08490 0.00317 0.99623
1033374.639540164 -0.33284 -0.17436 20.39494 -0.01761 -0.08544 0.00254 0.99618
1033374.644131012 -0.33858 -0.17425 20.43259 -0.01764 -0.08609 0.00288 0.99613
1033374.648721092 -0.34837 -0.16711 20.47949 -0.01721 -0.08658 0.00265 0.99609
1033374.653311172 -0.35102 -0.17830 20.50071 -0.01774 -0.08734 0.00265 0.99602
1033374.657900996 -0.37024 -0.18476 20.54863 -0.01719 -0.08795 0.00584 0.99596
1033374.662492100 -0.37862 -0.17724 20.56691 -0.01687 -0.08852 0.00602 0.99591
1033374.667082180 -0.38728 -0.18399 20.59545 -0.01712 -0.08873 0.00579 0.99589
1033374.671672004 -0.39508 -0.18083 20.64705 -0.01707 -0.08959 0.00563 0.99582
1033374.676262084 -0.39820 -0.17835 20.68139 -0.01689 -0.09027 0.00574 0.99576
1033374.680853188 -0.39347 -0.16762 20.69285 -0.01752 -0.09024 0.00270 0.99576
1033374.688954052 -0.41616 -0.16989 20.75702 -0.01757 -0.09132 0.00305 0.99566
1033374.691365060 -0.42172 -0.16328 20.79332 -0.01744 -0.09138 0.00188 0.99566
1033374.699214020 -0.43171 -0.15134 20.83933 -0.01733 -0.09236 0.00222 0.99557
1033374.703804100 -0.44735 -0.16768 20.86524 -0.01687 -0.09307 0.00504 0.99550
1033374.708394180 -0.45601 -0.17530 20.91661 -0.01706 -0.09358 0.00475 0.99545
1033374.711356100 -0.46217 -0.17129 20.94267 -0.01700 -0.09414 0.00531 0.99540
1033374.717575108 -0.47352 -0.16573 20.98151 -0.01682 -0.09467 0.00550 0.99535
1033374.722165188 -0.48488 -0.15827 21.02733 -0.01687 -0.09544 0.00526 0.99528
1033374.726755012 -0.47511 -0.16092 21.02507 -0.01770 -0.09560 0.00269 0.99526
1033374.735562180 -0.49242 -0.16017 21.09187 -0.01785 -0.09662 0.00209 0.99516
1033374.735936196 -0.48243 -0.16218 21.09459 -0.01772 -0.09696 0.00259 0.99513
1033374.740526020 -0.50304 -0.15654 21.13053 -0.01760 -0.09745 0.00252 0.99508
1033374.745116100 -0.51330 -0.15363 21.16759 -0.01752 -0.09822 0.00229 0.99501
1033374.749706180 -0.52240 -0.16092 21.19808 -0.01683 -0.09835 0.00575 0.99499
1033374.754297028 -0.52967 -0.16343 21.23184 -0.01702 -0.09895 0.00594 0.99493
1033374.758887108 -0.54601 -0.16070 21.28238 -0.01688 -0.09960 0.00521 0.99487
1033374.763477188 -0.55057 -0.16207 21.32792 -0.01708 -0.10032 0.00665 0.99479
1033374.768067012 -0.56058 -0.15669 21.35711 -0.01693 -0.10104 0.00583 0.99472
1033374.772993988 -0.55201 -0.14871 21.35275 -0.01768 -0.10135 0.00257 0.99469
1033374.777248196 -0.56051 -0.15387 21.38184 -0.01756 -0.10190 0.00213 0.99464
1033374.781838020 -0.57329 -0.14570 21.41685 -0.01762 -0.10253 0.00280 0.99457
1033374.791019204 -0.58706 -0.14999 21.47425 -0.01755 -0.10378 0.00149 0.99444
1033374.792627140 -0.59855 -0.14616 21.51013 -0.01757 -0.10390 0.00255 0.99443
1033374.795609028 -0.60480 -0.16861 21.52573 -0.01743 -0.10399 0.00495 0.99441
